0 255 255 255
1 120 120 120
2 117 176 73
3 134 96 67
4 115 115 115
5 157 128 79
6 120 120 120
7 84 84 84
8 38 92 255
9 38 92 255
10 255 90 0
11 255 90 0
12 218 210 158
13 136 126 126
14 143 140 125
15 136 130 127
16 115 115 115
17 102 81 51
18 60 192 41
20 255 255 255
21 23 68 196
22 23 68 196
23 96 96 96
24 218 210 158
25 125 91 38
26 43 192 117
27 43 192 192
28 0 0 255
29 101 101 188
30 113 41 186
31 156 65 198
32 187 42 187
33 192 43 117
34 0 0 0
35 222 222 222
36 125 125 125
37 255 255 0
38 255 0 0
41 232 245 46
42 191 191 191
43 200 200 200
44 200 200 200
45 170 86 62
46 160 83 65
48 115 115 115
49 26 11 43
50 159 127 80
51 255 170 30
53 157 128 79
54 125 91 38
56 129 140 143
57 45 166 152
58 114 88 56
59 146 192 0
60 95 58 30
61 96 96 96
62 96 96 96
63 111 91 54
64 136 109 67
65 181 140 64
66 150 134 102
67 115 115 115
71 191 191 191
73 131 107 107
74 131 107 107
78 255 255 255
79 83 113 163
80 250 250 250
81 25 120 25
82 151 157 169
83 193 234 150
75 159 127 80
76 159 127 80
84 125 91 38
85 127 98 49
87 166 89 89
88 133 109 94
89 249 212 156
90 99 66 222
92 234 234 234